1,128,1,1
-16.058774,
-11.532618,
-9.784849,
-8.267846,
-5.063012,
2.463377,
-13.692098,
-5.167006,
-1.773043,
-7.594449,
-9.140178,
-10.197135,
-3.180335,
12.598727,
-8.310858,
-11.410489,
-8.223510,
-6.256918,
-21.645834,
0.796440,
-6.016324,
-5.664449,
-9.112220,
-5.626361,
-3.273351,
-0.027531,
-0.764006,
-7.682121,
-3.467391,
-21.675543,
-2.979770,
-11.010365,
4.509490,
2.263043,
-2.433278,
-6.469203,
-12.952326,
-17.008151,
-6.868992,
-10.034250,
-9.352913,
2.606856,
-5.833855,
-11.358121,
-2.857588,
-18.733447,
3.077924,
2.946373,
-5.615489,
6.931811,
-4.710454,
5.373826,
-5.515287,
-0.709547,
-1.354797,
-3.969999,
-5.523288,
-8.934979,
-8.455511,
-10.533947,
-1.421942,
-7.034810,
0.012170,
-6.722264,
-5.701089,
-5.784211,
-15.656612,
-9.538610,
-2.030626,
3.440217,
-7.952471,
-13.061065,
-7.289298,
-8.568453,
21.263986,
-11.366779,
-13.877764,
0.157605,
-9.325411,
2.474616,
-16.542669,
-2.742621,
-0.114038,
0.159203,
-0.073416,
-8.099001,
-22.093673,
-1.020566,
-12.454757,
-3.836652,
-7.889350,
-7.709335,
-1.583809,
-7.609179,
-17.359972,
-8.097267,
-0.750139,
-6.761855,
-10.667656,
-12.647732,
-4.299882,
-6.539039,
-5.036111,
-0.079901,
-6.849036,
-9.066687,
7.042178,
-18.752281,
4.362809,
-13.604955,
-2.347348,
-3.321899,
11.720035,
6.221653,
-0.766245,
2.053825,
-12.317386,
-15.478130,
-6.088450,
-8.103743,
-0.987768,
-0.084129,
-1.403833,
-6.596960,
-8.910788,
4.879231,
1.996814,
1.233375
